 100 460
  4. -1. -1. -1.04999995  4. -1. -1. -1.04999995  4. -1. -1. -1.04999995  4.
 -1. -1. -1.04999995  4. -1. -1. -1.04999995  4. -1. -1. -1.04999995  4. -1.
 -1. -1.04999995  4. -1. -1. -1.04999995  4. -1. -1. -1.04999995  4. -1.
 -0.949999988  4. -1. -1. -0.949999988 -1.04999995  4. -1. -1. -0.949999988
 -1.04999995  4. -1. -1. -0.949999988 -1.04999995  4. -1. -1. -0.949999988
 -1.04999995  4. -1. -1. -0.949999988 -1.04999995  4. -1. -1. -0.949999988
 -1.04999995  4. -1. -1. -0.949999988 -1.04999995  4. -1. -1. -0.949999988
 -1.04999995  4. -1. -1. -0.949999988 -1.04999995  4. -1. -0.949999988  4. -1.
 -1. -0.949999988 -1.04999995  4. -1. -1. -0.949999988 -1.04999995  4. -1. -1.
 -0.949999988 -1.04999995  4. -1. -1. -0.949999988 -1.04999995  4. -1. -1.
 -0.949999988 -1.04999995  4. -1. -1. -0.949999988 -1.04999995  4. -1. -1.
 -0.949999988 -1.04999995  4. -1. -1. -0.949999988 -1.04999995  4. -1. -1.
 -0.949999988 -1.04999995  4. -1. -0.949999988  4. -1. -1. -0.949999988
 -1.04999995  4. -1. -1. -0.949999988 -1.04999995  4. -1. -1. -0.949999988
 -1.04999995  4. -1. -1. -0.949999988 -1.04999995  4. -1. -1. -0.949999988
 -1.04999995  4. -1. -1. -0.949999988 -1.04999995  4. -1. -1. -0.949999988
 -1.04999995  4. -1. -1. -0.949999988 -1.04999995  4. -1. -1. -0.949999988
 -1.04999995  4. -1. -0.949999988  4. -1. -1. -0.949999988 -1.04999995  4. -1.
 -1. -0.949999988 -1.04999995  4. -1. -1. -0.949999988 -1.04999995  4. -1. -1.
 -0.949999988 -1.04999995  4. -1. -1. -0.949999988 -1.04999995  4. -1. -1.
 -0.949999988 -1.04999995  4. -1. -1. -0.949999988 -1.04999995  4. -1. -1.
 -0.949999988 -1.04999995  4. -1. -1. -0.949999988 -1.04999995  4. -1.
 -0.949999988  4. -1. -1. -0.949999988 -1.04999995  4. -1. -1. -0.949999988
 -1.04999995  4. -1. -1. -0.949999988 -1.04999995  4. -1. -1. -0.949999988
 -1.04999995  4. -1. -1. -0.949999988 -1.04999995  4. -1. -1. -0.949999988
 -1.04999995  4. -1. -1. -0.949999988 -1.04999995  4. -1. -1. -0.949999988
 -1.04999995  4. -1. -1. -0.949999988 -1.04999995  4. -1. -0.949999988  4. -1.
 -1. -0.949999988 -1.04999995  4. -1. -1. -0.949999988 -1.04999995  4. -1. -1.
 -0.949999988 -1.04999995  4. -1. -1. -0.949999988 -1.04999995  4. -1. -1.
 -0.949999988 -1.04999995  4. -1. -1. -0.949999988 -1.04999995  4. -1. -1.
 -0.949999988 -1.04999995  4. -1. -1. -0.949999988 -1.04999995  4. -1. -1.
 -0.949999988 -1.04999995  4. -1. -0.949999988  4. -1. -1. -0.949999988
 -1.04999995  4. -1. -1. -0.949999988 -1.04999995  4. -1. -1. -0.949999988
 -1.04999995  4. -1. -1. -0.949999988 -1.04999995  4. -1. -1. -0.949999988
 -1.04999995  4. -1. -1. -0.949999988 -1.04999995  4. -1. -1. -0.949999988
 -1.04999995  4. -1. -1. -0.949999988 -1.04999995  4. -1. -1. -0.949999988
 -1.04999995  4. -1. -0.949999988  4. -1. -1. -0.949999988 -1.04999995  4. -1.
 -1. -0.949999988 -1.04999995  4. -1. -1. -0.949999988 -1.04999995  4. -1. -1.
 -0.949999988 -1.04999995  4. -1. -1. -0.949999988 -1.04999995  4. -1. -1.
 -0.949999988 -1.04999995  4. -1. -1. -0.949999988 -1.04999995  4. -1. -1.
 -0.949999988 -1.04999995  4. -1. -1. -0.949999988 -1.04999995  4. -1.
 -0.949999988  4. -1. -0.949999988 -1.04999995  4. -1. -0.949999988 -1.04999995
  4. -1. -0.949999988 -1.04999995  4. -1. -0.949999988 -1.04999995  4. -1.
 -0.949999988 -1.04999995  4. -1. -0.949999988 -1.04999995  4. -1. -0.949999988
 -1.04999995  4. -1. -0.949999988 -1.04999995  4. -1. -0.949999988 -1.04999995
  4.
 1 4 8 12 16 20 24 28 32 36 39 43 48 53 58 63 68 73 78 83 87 91 96 101 106 111
 116 121 126 131 135 139 144 149 154 159 164 169 174 179 183 187 192 197 202 207
 212 217 222 227 231 235 240 245 250 255 260 265 270 275 279 283 288 293 298 303
 308 313 318 323 327 331 336 341 346 351 356 361 366 371 375 379 384 389 394 399
 404 409 414 419 423 426 430 434 438 442 446 450 454 458 461
 1 2 11 1 2 3 12 2 3 4 13 3 4 5 14 4 5 6 15 5 6 7 16 6 7 8 17 7 8 9 18 8 9 10 19
 9 10 20 1 11 12 21 2 11 12 13 22 3 12 13 14 23 4 13 14 15 24 5 14 15 16 25 6 15
 16 17 26 7 16 17 18 27 8 17 18 19 28 9 18 19 20 29 10 19 20 30 11 21 22 31 12
 21 22 23 32 13 22 23 24 33 14 23 24 25 34 15 24 25 26 35 16 25 26 27 36 17 26
 27 28 37 18 27 28 29 38 19 28 29 30 39 20 29 30 40 21 31 32 41 22 31 32 33 42
 23 32 33 34 43 24 33 34 35 44 25 34 35 36 45 26 35 36 37 46 27 36 37 38 47 28
 37 38 39 48 29 38 39 40 49 30 39 40 50 31 41 42 51 32 41 42 43 52 33 42 43 44
 53 34 43 44 45 54 35 44 45 46 55 36 45 46 47 56 37 46 47 48 57 38 47 48 49 58
 39 48 49 50 59 40 49 50 60 41 51 52 61 42 51 52 53 62 43 52 53 54 63 44 53 54
 55 64 45 54 55 56 65 46 55 56 57 66 47 56 57 58 67 48 57 58 59 68 49 58 59 60
 69 50 59 60 70 51 61 62 71 52 61 62 63 72 53 62 63 64 73 54 63 64 65 74 55 64
 65 66 75 56 65 66 67 76 57 66 67 68 77 58 67 68 69 78 59 68 69 70 79 60 69 70
 80 61 71 72 81 62 71 72 73 82 63 72 73 74 83 64 73 74 75 84 65 74 75 76 85 66
 75 76 77 86 67 76 77 78 87 68 77 78 79 88 69 78 79 80 89 70 79 80 90 71 81 82
 91 72 81 82 83 92 73 82 83 84 93 74 83 84 85 94 75 84 85 86 95 76 85 86 87 96
 77 86 87 88 97 78 87 88 89 98 79 88 89 90 99 80 89 90 100 81 91 92 82 91 92 93
 83 92 93 94 84 93 94 95 85 94 95 96 86 95 96 97 87 96 97 98 88 97 98 99 89 98
 99 100 90 99 100
  0.540302306 -0.416146837 -0.989992497 -0.653643621  0.283662185  0.960170287
  0.753902254 -0.145500034 -0.911130262 -0.839071529  0.00442569799
  0.843853959  0.907446781  0.136737218 -0.759687913 -0.95765948 -0.275163338
  0.660316708  0.988704618  0.408082062 -0.54772926 -0.999960826 -0.53283302
  0.424179007  0.991202812  0.646919322 -0.292138809 -0.962605866 -0.74805753
  0.15425145  0.914742358  0.834223361 -0.0132767472 -0.848570275 -0.903692205
 -0.12796369  0.765414052  0.955073644  0.266642932 -0.666938062 -0.987339278
 -0.399985315  0.555113302  0.999843309  0.525321989 -0.432177945 -0.992335469
 -0.640144339  0.300592544  0.964966028  0.742154197 -0.162990781 -0.918282786
 -0.829309833  0.0221267563  0.853220108  0.899866827  0.119180135 -0.771080223
 -0.95241298 -0.258101636  0.673507162  0.985896582  0.39185723 -0.562453851
 -0.999647456 -0.5177698  0.440143022  0.99339038  0.633319203 -0.309022728
 -0.967250588 -0.736192718  0.171717342  0.92175127  0.824331331 -0.0309750317
 -0.857803093 -0.895970947 -0.110387244  0.776685982  0.949677698  0.249540118
 -0.680023496 -0.984376643 -0.383698445  0.569750334  0.999373284  0.510177045
 -0.448073616 -0.994367461 -0.626444448  0.317428702  0.969459367  0.730173561
 -0.180430449 -0.925147537 -0.819288245  0.0398208804  0.862318872
